356701
1115651
644639
739678
531386
576765
437180
569893
553416
1709448
647893
1237858
1617297
359222
1126699
1229735
924353
684582
930537
717611
977403
780283
946310
892106
781100
837600
895401
1009679
984241
1084087
593550
350000
397634
398422
283723
315826
931643
748725
666904
797374
510333
434987
442934
599900
1065586
481253
537084
706060
1026112
809509
809582
923063
828634
651304
559595
679915
561755
478346
508603
716958
707431
545284
867467
490250
919953
775099
1001430
1314496
1218987
692431
458301
618075
674176
459246
477497
489692
483272
421301
517541
405378
433826
576024
455516
688541
905514
1099584
769589
790532
526124
627200
713504
602950
777260
1149739
746193
567008
552470
633810
698725
1732296
1044189
860611
726423
862655
707353
616584
816034
864072
715063
757095
688914
819708
1077907
569690
710485
663272
812846
943384
1038840
744341
525077
845423
950924
751847
748635
1301696
9855803
10159643
10381381
10945775
11247380
11278391
11216160
10448083
10505517
10749070
10014926
11023978
10112641
11507040
10921918
10409683
9556362
9443245
8124027
8369053
11392547
10538121
11598643
11638937
11479128
11145064
10669382
8996602
9421354
8335260
10814677
6394891
6957734
7188539
5045807
6440862
6309433
6297073
7096811
7561811
5696754
6761592
7194995
6167761
6683394
6365273
6291152
6522860
6688065
6104176
7003159
5241400
5588119
5738578
6461164
7257387
6720757
6135119
7037267
7221875
7978232
5688980
6074319
7469284
7139172
6057010
7356514
6532911
6504068
6198738
6374766
7234317
7320347
5320419
7367723
5709614
5794152
6355170
6489067
6926607
7161522
6590664
6424638
7016065
5769318
5659352
5736535
6636313
6521414
6454470
7368350
6994559
